 ,9, , ,1, ,3, ,2
6, ,1, , , , , , 
 ,2, ,8, , , ,9,1
 , ,8, , , , , ,7
4, , , , ,8, , ,3
 , , , ,3,1,8,5, 
9, , , , ,2, , , 
 , ,2, , ,5, ,4,9
3, ,5,4,9, , ,2, 



 ,5, , , , , , , 
 , ,7, , ,1, , , 
 , , ,2, , , , , 
 , , , , , , , , 
 , , , , ,9, , , 
 , , , , , , , , 
 , , ,5, , , , , 
 , , , , , ,4, , 
 , ,8, ,6, , ,3, 


 ,5, , , , , , , 
 , ,7, , ,1, , , 
 ,5, ,2, , , , , 
 , , , , , , , , 
 , , , , ,9, , , 
 , , , , , , , , 
 , , ,5, , , , , 
 , , , , , ,4, , 
 , ,8, ,6, , ,3, 


 ,9, , ,1, ,3, ,2
6, ,1, , , , , , 
 ,2, ,8, , , ,9,1
 , , , , , , , ,7
4, , , , , , , ,3
 , , , ,3,1,8,5, 
9, , , , ,2, , , 
 , ,2, , ,5, ,4,9
 , ,5, ,9, , ,2, 


 ,5, , , , , , , 
 , ,7, , ,1, , , 
 , , ,2, , , ,7, 
 ,3, ,8, , , , , 
 , , , , ,9, , , 
 ,2, , , , , ,5, 
 , , ,5, , , , , 
 ,1, , , , ,4, , 
 , ,8, ,6, ,9,3, 

